base 10 :

  1 230 098 669 576 466 565 857 054 945 079 546 004 993 217 653 004 047 400 054 647 996 864 352 874 503 538 913 809 005 041 609 381 155 391 243 147 219 382 279 094 882 046 106 006 629 426 310 614 829 421 439 442 183 464 231 629 721 588 841 739 955 087 544 351 103 420 491 065 423 558 197 695 501 972 925 441 319 744 773 325 970 944 417 446 525 848 914 736 016 328 358 029 365 941 048 150 309 280 788 054 149 514 051 927 254 310 803 578 452 616 341 268 770 414 959 236 406 017 199 218 381 453 688 247 298 483 235 693 300 707 156 854 464 898 229 987 198 297 311 059 716 958 565 861 951 947 629 044 593 983 642 041 209 824 848 305 271 479 735 769 703 611 479 832 634 015 085 496 762 090 375 826 406 335 393 543 484 487 952 167 429 689 969 608 300 684 735 152 212 471 745 422 093 890 686 383 501 624 039 720 609 640 624 540 489 230 189 143 240 492 948 847 053 847 879 700 687 240 264 720 393 513 981 631 607 362 387 807 562 656 242 389 611 501 190 652 114 837 671 864 704 707 248 061 326 996 954 175 928 908 778 971 705 780 025 583 866 857 173 452 734 384 904 304 164 632 470 619 437 942 332 686 476 907 393 367 313 808 198 162 624 452 478 494 224 661 578 641 733 367 785 957 835 782 624 502 810 605 811 043 613


base 2 :

111 111 111 111 100 011 100 110 110 001 101 001 000 110 000 110 000 000 110 110 011 110 110 110 010 111 110 011 101 011 101 110 101 011 100 010 001 100 001 011 111 000 110 111 101 110 001 100 101 010 111 011 110 010 101 110 111 111 100 001 100 100 100 100 111 110 100 001 010 111 011 001 001 000 100 010 110 111 011 010 001 100 101 001 110 111 110 010 100 010 110 010 010 011 011 101 001 001 111 000 010 111 111 011 010 011 000 001 000 000 101 111 111 101 010 101 000 000 101 100 111 110 011 011 101 010 000 100 000 000 100 011 101 010 100 111 110 110 010 101 011 110 111 010 000 011 100 011 010 110 100 110 000 101 110 011 110 100 110 010 000 100 110 000 111 011 100 000 011 110 000 011 000 010 001 010 100 101 011 011 011 111 110 001 011 100 011 110 100 110 100 110 000 000 101 101 101 101 100 010 010 110 011 011 110 001 010 110 101 000 010 011 101 000 010 001 101 100 001 110 101 011 111 010 001 001 010 100 000 111 101 110 010 011 010 101 111 011 110 001 011 001 011 011 001 001 010 101 100 101 110 111 000 010 010 111 011 001 011 100 110 000 001 011 000 110 000 101 111 010 111 001 111 110 001 001 000 101 110 001 000 000 010 000 101 101 111 110 000 100 010 000 001 101 100 111 001 110 111 000 111 101 001 110 001 011 010 100 100 101 001 011 100 101 000 111 011 100 011 101 100 100 111 011 000 110 110 110 001 001 110 011 100 111 001 010 101 010 001 110 000 101 111 001 000 010 010 110 011 001 110 001 100 100 100 111 011 001 000 000 101 010 000 100 110 101 011 100 100 001 111 110 100 101 011 111 001 000 010 001 101 000 111 101 010 010 110 001 001 000 011 101 010 111 110 011 111 101 110 101 100 010 111 001 010 010 010 011 000 010 100 101 110 100 000 000 101 110 111 000 101 111 101 110 011 111 110 010 011 010 001 110 011 111 101 111 111 010 010 110 000 100 000 010 100 111 011 110 000 110 110 110 111 001 011 101 100 001 101 101 010 011 001 001 010 110 110 111 000 111 011 000 011 100 010 100 100 001 111 011 100 001 110 001 000 101 111 001 010 110 111 011 111 011 110 110 110 100 001 010 111 010 101 111 110 011 100 011 101 111 001 010 001 110 101 100 100 001 100 001 100 111 101 011 000 101 011 110 111 010 100 101 111 001 010 010 100 101 000 000 111 110 100 101 100 001 100 110 010 011 001 110 011 010 100 110 100 100 111 001 001 011 100 101 011 111 100 100 101 110 001 000 000 011 010 000 000 111 101 010 111 011 111 101 010 110 010 111 001 100 000 100 000 101 110 000 111 001 100 101 110 110 001 111 110 000 000 011 001 110 011 110 000 100 000 101 111 010 000 110 100 010 110 110 011 111 100 100 101 000 110 011 011 100 011 001 111 000 011 010 111 101 111 000 011 110 001 100 101 011 001 000 111 111 100 111 010 000 011 101 000 100 001 101 010 101 110 000 110 111 001 100 101 101 010 100 100 100 111 111 010 001 011 110 000 001 010 010 111 011 100 011 010 010 010 010 110 010 001 100 011 000 101 011 010 100 100 010 100 111 010 001 000 000 100 100 001 111 000 110 110 000 000 010 011 110 010 111 000 101 111 111 001 011 010 100 011 010 110 100 101 100 011 101 110 111 011 000 100 100 110 111 111 101 000 001 001 101 110 000 010 110 010 000 110 100 110 111 000 111 000 101 010 001 000 001 001 100 010 001 001 011 001 101 100 010 000 010 010 101 011 010 101 111 110 001 011 010 111 101 000 100 000 011 101 001 001 001 000 111 010 100 101 010 010 000 110 101 111 100 110 001 010 010 010 101 000 110 001 000 000 110 001 100 001 101 001 100 111 010 111 100 011 010 100 101 001 101 000 001 010 010 001 111 111 000 101 001 111 111 011 101 000 011 110 011 110 011 100 100 111 100 110 111 000 101 101 101 101 100 101 001 101 001 100 010 100 011 111 001 100 001 010 011 110 010 101 000 011 100 110 111 011 011 010 011 000 010 101 000 010 010 110 110 011 011 011 011 111 011 010 001 000 111 000 101 001 001 110 001 011 000 000 010 001 010 010 111 101 111 101 000 001 001 110 001 100 000 101 000 110 011 010 101 100 001 001 100 111 100 110 010 011 101 000 010 100 101 011 010 111 101 001 011 001 000 010 001 111 111 110 100 101 101 010 011 001 010 001 010 111 000 001 010 101 000 110 100 011 101


number of bits : 3000



Found to be prime !

base 10 :

  4 026 944 627 480 059 281 182 639 276 982 088 118 844 262 631 931 057 087 090 140 454 685 833 241 018 868 291 540 221 611 956 421 634 731 625 783 615 929 995 711 711 331 112 097 638 248 973 678 987 408 715 116 294 428 649 632 667 414 436 760 003 038 117 569 747 814 214 824 988 057 305 363 245 465 273 584 091 060 347 735 599 946 506 696 573 632 281 351 144 320 585 537 857 535 158 202 631 789 080 120 679 417 916 022 590 055 136 726 779 206 751 907 627 746 875 576 139 539 962 895 850 494 697 300 816 030 285 921 992 208 071 189 402 592 452 765 145 744 218 361 930 158 651 749 989 372 935 368 290 464 361 628 427 317 959 780 219 302 368 833 107 402 233 384 075 413 451 618 762 182 254 995 771 085 009 104 313 371 349 615 383 667 619 378 386 979 185 297 154 109 907 247 217 437 688 188 713 602 043 649 621 112 989 036 576 182 363 419 402 964 615 833 613 444 857 415 464 268 467 455 763 034 105 878 993 091 612 243 576 372 586 684 479 628 126 630 018 825 351 946 019 981 427 040 183 168 914 968 332 222 696 848 794 092 941 419 083 308 988 428 513 467 854 973 313 318 564 312 854 437 413 671 361 410 572 247 734 625 089 264 528 114 885 082 486 029 628 179 581 130 127 286 008 943 626 949 819 464 598 539 067 120 288 960 685 052 867 287 137 501 752 605 829 092 929 769 521 035 719 191 250 876 130 452 591 828 048 124 579 543 153 850 809 473 369 142 250 491 150 583 033 005 279 072 954 546 682 946 799 512 613


base 2 :

 11 111 111 111 111 101 001 110 111 101 001 000 000 110 101 001 100 011 100 010 101 010 111 111 110 110 010 010 101 011 011 010 110 011 011 001 110 110 110 110 011 111 001 101 110 110 101 111 011 111 100 001 001 111 110 001 110 011 010 001 101 010 110 001 001 010 011 001 010 000 101 001 101 001 000 011 010 110 011 010 101 110 001 110 110 101 101 110 001 101 101 110 101 010 100 100 101 000 110 011 010 110 110 000 101 110 001 111 010 101 101 101 000 101 110 110 001 010 010 100 110 010 110 101 111 000 110 110 110 110 110 001 001 011 100 001 110 100 101 001 101 111 000 110 010 011 001 010 100 101 111 010 110 100 101 100 011 110 100 101 010 011 011 100 000 011 011 010 001 011 000 001 011 100 110 010 110 011 001 100 110 111 000 000 111 010 000 100 010 000 101 101 010 100 011 100 110 101 110 100 011 011 011 001 111 110 000 101 001 111 111 111 011 111 000 111 011 100 111 101 101 111 110 011 001 101 010 111 101 000 101 100 101 111 111 000 010 010 111 001 101 111 010 010 011 110 001 010 011 010 110 100 110 100 011 011 001 011 001 111 011 001 001 010 100 001 101 111 010 101 010 101 100 101 011 100 111 111 110 111 101 101 111 001 100 000 100 001 001 100 100 011 001 011 010 100 100 110 101 001 101 010 001 101 100 101 100 000 011 110 011 000 001 110 110 110 100 000 100 100 100 110 101 100 111 101 110 101 101 101 111 101 000 011 001 101 001 101 110 100 010 110 110 100 110 101 000 011 001 001 110 100 000 011 101 011 111 001 001 100 010 010 001 111 110 111 000 101 100 010 100 100 100 100 010 101 001 001 111 000 010 100 100 011 101 110 100 110 011 000 011 001 101 001 000 111 110 100 011 001 111 001 111 001 111 011 011 000 010 110 001 011 100 000 111 100 101 110 111 111 110 101 000 100 111 010 010 000 110 110 101 100 001 100 000 111 001 001 111 101 110 100 110 001 010 100 010 111 001 011 101 101 001 100 010 100 000 111 111 011 011 100 001 100 100 010 011 100 011 001 001 001 110 110 110 010 100 100 001 011 000 011 011 100 011 100 111 010 001 010 000 010 011 101 000 110 111 101 010 110 110 010 000 111 110 001 011 010 000 000 001 101 101 110 001 110 011 101 000 001 011 111 001 110 110 100 111 101 101 000 111 000 000 001 011 111 000 011 111 111 111 100 011 111 000 010 110 111 100 011 100 011 110 101 101 110 110 110 000 100 001 101 001 100 100 111 010 110 001 010 011 011 010 110 110 011 100 010 001 001 110 111 011 100 111 101 000 001 101 101 001 110 100 000 101 111 100 011 010 111 010 111 101 101 000 101 010 110 101 110 110 100 001 110 110 101 110 100 000 011 000 000 101 001 111 110 110 001 000 101 101 111 010 001 011 111 010 001 010 110 101 111 000 111 110 001 111 011 101 101 110 011 000 110 000 000 110 110 000 101 111 001 011 110 000 010 010 000 100 001 011 100 001 101 001 000 001 000 011 100 110 111 111 101 100 110 011 010 011 001 001 110 110 010 100 100 010 000 001 101 110 011 111 101 011 100 010 111 101 111 000 110 100 110 010 101 001 100 111 011 110 111 010 011 001 000 110 010 010 110 110 110 011 111 000 110 001 010 000 011 010 000 011 110 001 101 001 101 110 100 101 000 101 011 110 010 000 110 010 000 010 100 000 101 001 010 111 110 000 010 001 111 010 101 110 010 100 100 011 001 010 101 111 001 100 111 001 111 001 000 001 101 001 010 011 100 001 000 101 011 100 110 100 111 001 101 000 001 111 110 001 100 100 100 101 110 101 111 110 110 101 001 011 011 011 101 010 100 001 010 001 010 101 000 011 110 000 101 010 000 010 010 100 000 101 111 111 101 101 000 100 110 111 100 011 000 101 100 110 100 101 101 000 111 000 110 001 010 001 000 000 000 001 110 100 011 010 111 101 111 111 001 000 101 101 111 101 111 011 111 111 100 000 000 100 011 001 000 111 100 110 100 100 000 010 101 111 100 111 011 010 000 111 101 100 100 111 001 100 101 100 011 011 111 110 001 111 110 100 000 100 111 010 001 011 011 001 001 011 010 000 101 101 100 100 011 010 001 101 001 011 100 100 001 010 010 000 111 101 100 001 111 110 100 110 111 000 000 101 101 100 010 010 011 100 110 011 100 001 110 111 111 010 000 110 001 100 011 101 111 011 110 000 110 110 110 000 111 101 111 000 001 000 000 010 101 100 011 100 111 111 100 001 100 010 011 000 001 010 101 100 100 011 100 101 110 011 001 001 010 000 110 100 010 111 001 100 010 001 111 111 011 111 101 110 110 000 110 000 000 010 011 011 000 101 010 101 101 011 010 001 100 110 111 101 101 001 001 100 000 101 011 001 000 000 010 111 111 010 001 011 001 011 111 110 010 111 100 000 011 100 001 100 011 110 001 111 110 111 111 110 110 101 001 101 100 000 111 110 101 101 111 110 111 010 000 101 111 000 110 110 000 011 010 011 011 111 110 011 101 101 111 100 001 000 000 010 110 110 100 110 000 000 000 000 001 010 111 011 010 111 010 010 000 110 011 000 000 111 011 001 111 010 110 000 100 101


number of bits : 3500



Found to be prime !

base 10 :

  4 026 944 627 480 065 298 578 210 350 186 450 038 025 281 899 032 508 169 529 353 585 069 616 962 392 856 132 453 221 113 133 810 792 325 973 623 608 298 590 861 649 351 563 524 963 707 973 806 979 136 522 833 932 399 000 024 609 711 718 152 830 652 878 981 709 324 395 671 239 104 792 839 731 742 584 151 046 174 621 509 947 691 671 673 617 819 296 891 392 951 280 972 503 041 694 795 192 333 459 222 182 513 917 280 112 861 963 201 761 094 629 511 785 745 166 174 899 106 827 690 961 187 132 242 852 542 185 166 276 577 264 177 958 209 525 751 371 161 107 289 384 136 039 403 910 560 647 787 032 862 247 655 583 103 369 674 759 621 828 978 829 995 683 708 973 292 093 334 226 745 550 189 472 841 814 703 521 129 775 702 469 933 920 824 703 309 005 129 517 273 942 253 450 305 971 701 227 833 332 861 738 746 131 244 281 043 144 849 080 828 542 853 891 705 518 238 049 793 789 285 660 576 434 652 487 942 424 197 598 508 693 008 263 427 497 695 082 496 445 290 494 759 976 297 326 830 034 779 557 254 617 540 164 538 744 796 376 905 892 756 395 336 827 436 442 781 368 532 479 304 282 844 439 810 651 031 314 278 848 035 932 179 464 137 938 080 583 309 926 714 418 528 515 939 309 643 765 315 501 370 015 978 233 981 634 923 352 533 312 975 473 595 535 944 767 649 571 171 631 771 934 792 908 814 185 256 459 634 058 603 910 004 767 234 129 793 075 009 738 281 607 450 699 954 211 708 397 242 829 192 359


base 2 :

 11 111 111 111 111 101 001 110 111 101 001 000 000 110 101 001 110 001 000 000 000 011 001 001 110 000 010 001 111 111 110 000 011 101 110 001 111 001 111 010 111 101 011 110 100 011 101 110 010 011 011 100 110 101 010 101 100 101 011 111 110 010 110 011 010 011 010 110 100 001 111 100 110 000 011 110 100 011 011 010 110 000 101 110 010 001 100 000 010 111 010 000 000 011 110 110 000 001 011 111 001 010 000 110 000 110 001 110 100 111 001 001 000 101 001 100 111 000 001 010 011 101 101 010 110 010 101 110 110 110 001 110 110 100 001 101 101 011 110 110 111 111 111 110 011 111 100 010 101 111 001 001 101 100 110 011 110 000 100 010 100 000 010 010 011 001 111 011 011 000 111 101 011 110 100 110 101 110 001 001 001 001 111 001 111 001 000 101 000 001 110 001 010 110 100 001 001 110 111 000 100 101 101 011 011 101 010 011 011 011 110 000 110 100 111 011 101 010 110 110 111 101 000 011 000 000 100 100 011 101 001 011 110 001 110 011 101 101 000 011 111 101 001 100 100 000 001 110 111 010 011 101 110 111 011 001 010 011 011 001 100 110 111 111 010 111 011 010 110 111 010 100 010 100 001 010 010 010 100 001 000 100 011 000 100 001 010 001 011 001 001 100 011 101 101 001 010 001 110 010 111 111 000 101 111 110 010 000 100 101 000 001 010 000 000 000 100 101 100 101 010 010 010 011 110 101 010 001 000 001 100 011 110 011 110 011 110 010 010 111 001 110 011 101 011 110 111 000 000 110 100 001 011 011 001 111 001 011 111 001 001 100 000 010 000 000 001 001 010 011 101 110 100 001 111 110 010 011 110 011 011 111 101 001 110 010 010 111 101 110 101 100 000 111 100 110 110 010 110 110 001 011 000 011 011 010 101 101 110 000 100 110 110 010 111 001 011 100 101 101 010 000 011 000 011 111 011 111 100 001 000 100 101 010 010 010 000 101 110 001 000 000 111 000 010 000 110 011 110 100 001 100 111 101 000 110 100 101 110 010 111 001 110 110 110 010 000 010 011 110 111 010 101 000 001 001 000 111 010 001 011 111 010 111 110 000 111 001 101 101 010 111 110 110 100 110 111 110 101 111 000 111 110 011 101 000 101 001 100 111 011 111 000 100 001 001 011 010 110 101 111 001 011 000 000 111 111 010 010 101 110 100 111 110 011 001 010 001 111 101 011 010 001 110 001 010 000 001 100 101 001 111 011 100 110 010 101 101 100 011 101 101 001 011 000 011 011 000 101 011 100 000 000 101 000 111 111 000 000 000 111 111 011 011 101 111 101 011 110 110 011 001 000 101 111 010 001 101 110 011 001 000 001 111 111 100 011 010 100 000 001 110 011 110 111 011 011 010 010 110 001 001 011 011 011 100 010 011 000 000 111 001 111 101 011 101 001 100 000 100 111 101 111 110 110 111 111 010 000 100 111 100 000 000 100 010 101 111 111 001 000 010 111 111 000 110 100 110 110 011 000 110 110 110 111 000 001 110 011 010 111 111 010 000 000 011 110 010 110 001 111 000 100 000 000 011 000 101 010 000 010 111 001 111 111 011 100 110 110 111 000 100 101 011 001 101 111 001 000 100 100 100 000 111 001 101 001 101 011 111 100 011 111 100 101 011 111 011 111 011 011 010 001 011 010 010 000 011 110 001 101 011 100 001 100 101 100 111 100 110 000 110 111 000 100 011 111 010 010 110 101 110 011 001 100 111 110 110 011 010 001 100 000 100 101 011 101 111 111 011 010 000 011 010 101 000 000 000 001 100 000 110 100 011 111 000 001 101 001 110 111 000 111 011 100 001 010 100 111 101 000 101 100 011 101 010 111 010 000 100 101 011 101 101 000 010 101 011 101 100 001 100 010 011 001 100 110 111 011 100 011 001 011 100 101 110 000 011 100 011 001 010 010 100 001 011 010 111 001 101 000 101 000 010 000 010 011 000 011 011 001 100 101 101 001 100 011 100 111 011 100 001 001 101 110 111 001 100 010 110 110 100 101 000 000 001 100 100 111 011 001 111 001 110 010 101 100 111 001 101 010 000 101 010 101 101 000 101 100 011 001 010 111 111 101 000 100 001 110 100 010 001 110 111 011 100 000 011 101 010 010 110 101 110 111 111 000 001 011 100 000 001 010 100 010 000 001 110 110 101 110 011 010 011 000 101 110 111 110 000 001 110 110 101 001 101 011 110 000 001 010 111 111 100 110 011 111 100 011 110 100 010 100 111 110 110 111 101 000 010 110 101 111 111 100 001 010 111 001 011 100 011 001 101 100 100 011 001 011 100 010 110 011 111 001 111 010 100 000 011 111 101 101 001 101 100 110 001 000 010 100 010 101 110 001 010 110 110 101 010 001 111 111 100 010 011 111 010 000 000 001 011 010 010 111 101 000 110 110 111 011 001 011 010 010 111 001 110 101 111 010 100 010 001 111 110 001 111 101 011 110 100 011 111 110 000 011 010 011 010 101 011 110 011 110 011 010 011 011 000 010 101 100 100 010 000 101 010 000 001 001 110 111 000 010 110 011 111 111 100 011 011 010 000 001 011 011 011 001 111 101 111 010 111 110 101 011 000 101 010 111 110 011 110 010 100 111


number of bits : 3500



Found to be prime !

base 10 :

  4 026 944 627 480 040 107 277 050 771 860 489 948 176 978 297 508 137 781 044 464 052 967 854 364 745 098 232 928 776 661 267 117 613 377 780 654 974 978 227 064 907 282 878 312 323 143 791 815 952 474 024 039 525 315 858 083 280 659 787 226 594 119 482 162 952 239 211 002 815 510 983 540 701 258 327 244 230 855 751 806 039 431 240 927 342 020 722 603 678 707 115 186 121 586 467 546 668 648 111 181 096 831 016 967 207 387 413 397 446 863 081 515 512 807 122 353 927 056 648 606 531 734 857 623 866 859 335 665 433 998 409 946 858 696 542 080 243 319 923 495 750 269 590 795 390 276 473 738 834 183 002 420 330 928 087 426 514 220 218 296 233 318 832 135 802 547 778 692 326 549 258 429 547 393 865 178 043 008 034 530 683 722 692 177 771 547 218 627 626 015 436 816 899 475 158 709 592 753 634 534 130 145 683 468 730 846 923 505 251 070 137 309 050 557 302 883 167 503 560 379 591 930 856 161 244 932 517 299 528 924 176 505 851 556 739 418 668 323 727 230 982 441 082 305 318 485 909 028 262 596 964 048 503 253 125 440 145 912 535 634 925 379 345 766 303 211 739 463 577 588 114 681 798 576 719 389 643 164 740 220 632 579 019 998 915 016 111 683 660 456 561 521 061 390 254 004 344 611 608 798 452 781 616 994 316 739 481 734 941 404 416 520 950 411 577 090 423 217 888 729 912 877 758 936 611 448 099 627 867 262 479 451 438 731 814 056 179 394 896 521 585 166 105 335 456 787 691 932 609 167 421


base 2 :

 11 111 111 111 111 101 001 110 111 101 001 000 000 110 101 000 111 000 101 001 111 101 111 100 100 010 001 001 011 101 010 001 111 000 011 111 101 010 001 100 101 111 110 111 101 111 101 100 011 110 010 010 000 011 000 001 110 000 011 011 001 010 101 000 101 000 100 101 000 111 011 101 001 111 000 011 011 101 011 111 110 001 110 010 101 101 000 000 000 011 111 100 010 101 000 100 110 110 100 010 000 011 110 001 010 010 110 100 011 110 011 110 001 111 010 111 011 011 101 110 110 101 011 000 111 011 111 000 100 011 110 110 001 111 011 000 111 001 011 110 101 001 101 100 100 010 011 111 110 001 110 101 001 001 000 101 011 000 001 111 100 010 001 101 011 111 001 111 111 000 000 001 110 101 100 100 010 100 101 000 001 101 110 011 100 110 001 101 001 111 100 101 010 101 110 111 100 001 110 010 101 010 101 010 010 000 011 001 100 000 001 010 000 100 100 101 110 110 100 011 111 111 000 101 100 100 100 100 011 100 111 101 101 101 100 110 101 000 101 000 011 111 011 110 100 110 011 101 110 000 001 011 010 011 110 000 101 100 111 111 110 100 011 100 111 010 000 011 111 100 101 100 110 101 001 011 111 111 111 101 000 010 101 111 110 100 011 000 101 101 111 001 001 100 000 111 111 101 110 000 011 111 111 100 100 010 001 001 110 101 011 110 101 101 110 101 001 001 010 010 100 000 110 011 010 101 010 111 100 110 100 100 111 010 000 001 011 001 110 011 000 010 001 100 010 110 101 111 110 010 001 111 101 000 111 011 100 110 100 010 011 010 000 001 110 101 100 001 011 110 101 110 110 010 110 001 010 100 001 010 110 001 001 001 100 010 111 111 000 010 100 010 100 110 001 011 010 101 001 100 111 010 110 000 000 010 111 010 000 100 001 110 111 101 100 101 010 110 100 111 101 100 100 100 111 111 110 100 100 010 001 100 000 110 111 001 001 010 111 001 011 110 101 100 111 111 010 111 001 101 011 111 101 101 000 100 010 001 110 100 111 010 101 000 100 011 010 110 000 110 100 110 001 100 100 110 001 111 011 110 100 100 101 101 101 000 111 001 010 100 101 010 001 000 101 001 010 000 001 000 001 001 100 110 011 110 111 100 100 011 110 100 110 010 101 100 101 111 110 000 100 111 100 000 111 101 011 100 010 111 010 010 011 111 000 100 001 000 100 110 011 100 000 110 010 010 100 011 111 101 101 011 010 010 111 000 010 001 001 101 011 111 001 010 100 100 010 110 001 110 111 101 101 010 011 101 010 000 111 110 010 101 111 111 011 111 000 101 110 010 001 111 001 010 010 111 000 011 010 000 011 001 011 000 100 111 011 100 011 111 010 101 000 001 000 111 000 110 000 000 000 001 101 110 100 111 110 111 011 001 110 000 100 000 000 001 110 000 110 101 100 001 011 111 110 010 101 000 100 111 001 010 000 101 111 101 100 001 000 001 101 011 000 010 111 110 101 111 010 011 100 101 100 111 111 110 101 100 011 001 001 110 110 010 111 011 100 011 001 100 000 101 000 101 010 011 111 111 100 001 111 011 111 010 001 100 100 001 111 010 011 010 010 010 100 111 110 100 000 001 011 010 111 000 101 011 110 100 110 000 011 000 111 010 110 001 011 110 001 101 110 000 011 101 101 011 110 101 100 000 110 000 011 000 011 010 000 101 111 010 100 010 101 011 011 110 101 011 111 111 100 010 011 011 001 111 001 111 101 101 001 001 001 010 101 110 111 010 011 101 101 010 101 100 001 000 111 111 011 100 111 011 010 100 000 100 011 000 100 100 000 010 110 010 101 101 001 000 101 100 101 100 000 010 011 001 001 100 000 100 100 101 101 101 101 010 101 110 111 010 101 111 011 000 110 000 110 000 101 111 001 010 101 101 001 001 001 101 111 111 000 110 101 110 111 101 110 111 001 110 011 101 000 011 111 011 100 110 101 000 000 101 000 011 111 100 101 101 011 010 010 001 100 111 011 100 000 111 000 111 110 001 011 111 011 111 001 001 111 001 011 010 011 001 111 111 001 011 101 100 111 011 001 011 011 111 100 101 000 010 101 100 001 010 110 001 000 111 001 011 001 001 101 001 101 001 000 000 000 010 000 100 011 001 101 100 101 001 000 000 011 001 000 001 100 100 010 100 001 000 001 101 110 110 101 100 000 010 100 001 010 100 101 101 111 101 101 011 101 000 110 101 101 110 000 101 011 110 001 011 000 111 000 110 100 001 111 110 110 000 011 110 000 010 001 111 000 000 001 010 000 110 001 010 000 000 001 110 101 010 111 000 111 001 000 100 010 000 011 011 111 010 100 111 000 010 000 100 011 100 000 011 001 111 100 000 101 000 101 111 101 001 110 011 000 111 110 101 101 101 011 001 001 110 100 001 001 011 100 011 100 000 100 100 101 001 111 011 000 010 110 101 010 010 101 001 100 111 110 100 100 100 000 101 010 100 000 000 110 101 001 110 001 111 000 011 010 110 010 001 010 001 000 101 010 101 010 011 101 010 000 101 000 100 000 111 110 010 111 001 111 100 010 110 000 001 100 001 100 010 000 101 101 010 010 111 111 100 010 000 111 000 100 000 000 111 101


number of bits : 3500


Found to be prime !

base 10 :

  4 026 944 627 480 051 317 570 643 820 799 134 034 679 159 747 281 340 900 493 565 473 391 912 751 778 433 503 096 685 958 776 894 414 484 124 837 134 324 950 455 133 400 599 092 138 764 359 183 031 289 640 910 704 751 921 387 078 635 590 018 617 090 517 359 693 742 319 079 214 006 326 694 919 803 599 667 278 815 373 009 749 095 574 265 147 233 371 475 163 524 747 275 454 002 500 399 285 100 859 667 947 905 206 776 816 655 311 996 602 654 596 848 812 108 943 976 977 407 098 776 298 326 280 201 163 861 431 428 545 668 211 494 080 086 740 899 516 842 419 148 435 689 146 039 338 415 684 574 726 443 538 757 835 156 730 867 315 876 361 189 570 725 320 449 148 481 743 366 635 419 093 657 443 172 566 652 948 300 630 741 379 338 192 046 757 164 992 829 719 607 927 683 969 317 748 645 531 398 431 206 527 400 716 614 473 082 532 450 444 043 014 171 567 165 399 206 147 867 982 397 825 906 432 754 170 649 955 404 312 740 742 365 985 308 114 898 039 123 383 161 745 300 674 361 987 782 502 269 481 988 869 101 303 373 809 986 523 881 306 427 622 070 533 432 552 927 867 656 740 709 777 011 446 975 526 058 029 687 088 482 987 765 902 611 943 090 511 601 225 719 457 977 636 860 250 263 140 633 827 007 461 225 690 379 923 474 987 013 831 904 093 797 557 517 799 684 076 014 988 357 631 223 684 196 889 511 751 868 945 926 381 574 191 211 633 567 147 710 877 193 343 902 615 292 424 593 203 186 483 832 983


base 2 :

 11 111 111 111 111 101 001 110 111 101 001 000 000 110 101 001 010 001 101 110 101 100 101 001 101 000 100 100 011 011 111 110 111 100 100 001 110 001 000 011 000 110 111 010 111 000 101 001 101 111 111 010 001 011 111 001 011 111 001 101 101 001 011 100 001 001 011 101 100 001 001 011 111 110 011 000 111 011 101 110 100 100 100 111 001 110 011 011 111 000 101 100 010 010 001 001 101 111 100 011 110 010 001 011 001 100 111 010 010 101 110 001 000 111 110 100 010 100 110 000 111 001 110 000 100 111 101 110 001 001 111 010 011 111 010 001 011 100 111 010 011 110 100 100 100 000 001 100 110 011 000 111 011 111 010 010 101 101 110 010 010 111 100 101 000 000 111 100 110 011 110 110 011 100 111 100 010 100 010 111 011 100 011 110 011 111 110 010 000 110 100 110 101 111 001 111 010 011 100 010 001 000 101 011 000 011 001 010 000 010 110 001 010 101 100 110 011 010 111 000 111 110 111 001 111 111 011 100 100 000 101 100 101 101 000 000 101 001 100 010 110 101 101 100 011 100 110 111 000 001 000 000 011 111 011 010 110 101 000 110 101 010 100 111 010 001 000 110 100 010 000 011 001 110 000 010 000 000 110 000 000 100 101 101 101 011 011 100 100 101 001 001 000 010 000 110 011 011 110 011 110 000 011 000 110 010 101 001 111 000 000 000 011 001 001 101 100 011 001 111 011 010 000 000 100 010 000 001 101 010 000 011 001 111 100 101 000 001 010 011 110 110 011 100 010 001 110 110 000 001 101 101 010 110 100 011 011 010 100 010 011 000 110 110 101 111 110 110 001 100 111 000 100 110 101 101 101 001 110 000 001 101 001 001 000 110 000 101 110 000 111 010 111 101 100 010 010 101 001 100 100 011 110 110 001 101 100 101 001 111 110 100 010 000 011 111 111 011 100 001 011 101 000 101 001 100 000 100 101 110 010 011 010 011 011 011 001 111 011 101 110 011 100 001 101 111 001 011 111 010 101 111 100 010 001 010 111 100 110 000 111 001 011 000 000 000 001 010 110 100 011 001 011 101 011 111 110 001 110 011 011 101 000 110 001 110 011 100 001 000 000 011 101 111 111 100 011 001 111 101 110 001 110 111 000 001 001 001 110 001 010 111 100 000 010 110 111 001 010 000 101 010 011 001 110 001 111 110 111 001 001 000 110 101 101 110 101 111 010 011 111 000 100 011 111 100 001 010 101 001 101 011 100 111 110 000 010 000 000 111 110 001 100 010 001 010 110 000 011 010 000 101 001 110 000 110 100 111 100 110 001 000 010 101 011 010 000 011 111 101 110 111 000 100 100 111 111 111 000 100 110 000 100 001 100 000 011 111 111 100 010 001 101 111 111 001 111 111 001 101 001 111 110 111 000 110 101 011 111 000 110 011 100 010 101 111 001 100 011 011 000 100 111 000 110 100 001 011 000 001 110 100 101 001 100 001 111 000 001 011 011 000 010 011 101 001 110 111 000 100 101 001 101 000 011 110 101 001 011 011 000 011 101 001 101 100 101 001 010 101 111 111 100 010 010 110 011 110 010 111 001 000 111 101 110 000 010 011 011 111 010 101 111 010 000 111 000 000 000 100 111 110 010 111 000 100 111 101 110 100 001 010 101 110 110 010 000 111 011 001 011 100 000 011 100 010 110 101 011 000 100 100 011 100 000 101 111 110 010 100 100 011 110 001 001 110 100 101 110 000 001 111 001 000 010 000 001 100 000 111 010 000 011 001 011 101 000 010 101 111 110 100 011 000 011 000 010 010 101 000 111 110 011 100 010 111 010 111 000 010 001 000 000 101 100 000 111 000 000 110 100 001 111 011 010 010 111 010 101 101 000 000 000 111 110 111 100 111 010 100 100 101 010 111 111 011 000 100 001 100 000 011 100 111 000 000 100 101 100 100 110 010 110 001 110 000 000 000 001 100 000 000 011 001 110 011 100 111 000 001 000 101 100 010 010 110 100 010 010 100 101 010 111 110 001 010 101 111 010 001 101 010 101 101 000 011 010 010 111 111 000 010 110 000 000 010 101 111 000 010 001 100 000 001 111 000 100 110 010 100 001 010 011 110 011 100 010 011 101 101 000 101 100 011 010 000 011 110 010 111 000 111 010 000 111 111 111 000 101 101 011 011 110 100 010 101 001 000 011 111 100 101 000 110 110 101 110 010 001 000 010 001 100 111 101 111 101 100 111 101 100 010 101 100 110 111 111 011 001 110 110 111 001 000 000 111 100 101 101 000 110 111 011 101 100 100 000 000 001 100 001 101 010 110 110 111 111 001 100 001 010 100 101 001 010 110 100 110 001 010 111 101 000 000 101 011 010 100 011 101 110 110 011 110 101 001 110 000 100 110 011 000 011 000 000 100 001 110 010 010 000 100 010 001 010 100 011 001 001 000 111 001 111 011 111 110 111 011 001 011 101 001 011 101 001 010 111 110 101 000 111 001 101 010 111 011 000 010 101 101 000 011 000 000 100 111 110 001 111 111 010 010 100 010 000 101 001 101 010 100 100 011 100 111 110 001 110 010 110 100 001 101 010 010 111 011 001 000 111 110 011 111 101 000 001 001 111 011 101 000 111 111 010 100 010 010 111


number of bits : 3500



